2000 0.00 0 -2000
2000 7.00 0 -2000
2000 3.00 0 -2000
2000 2.00 0 -2000
2000 8.00 0 -2000
2000 0.00 0 -2000
2000 1.00 0 -2000
2000 -5.00 0 -2000
2000 18.00 0 -2000
2000 15.00 0 -2000
2000 0.00 0 -2000
2000 -11.00 0 -2000
2000 1.00 0 -2000
2000 6.00 0 -2000
2000 0.00 0 -2000
2000 0.00 0 -2000
2000 3.00 0 -2000
2000 18.00 0 -2000
2000 13.00 0 -2000
2000 54.00 0 -2000
2000 8.00 0 -2000
2000 10.00 0 -2000
2000 8.00 0 -2000
2000 328.00 0 -2000
2000 140.00 0 -2000
2000 -199.00 0 -2000
2000 -207.00 0 -2000
2000 -290.00 0 -2000
2000 -216.00 0 -2000
2000 -153.00 0 -2000
2000 -345.00 0 -2000
2000 -560.00 0 -2000
2000 -515.00 -560.00 -2000
2000 -515.00 0 -2000
2000 -333.00 0 -2000
2000 -554.00 0 -2000
2000 -687.00 0 -2000
2000 -662.00 0 -2000
2000 -339.00 0 -2000
2000 456.00 0 -2000
2000 240.00 0 -2000
2000 2837.00 0 -2000
2000 -153.00 0 -2000
2000 130.00 0 -2000
2000 96.00 0 -2000
2000 108.00 0 -2000
2000 130.00 0 -2000
2000 79.00 0 -2000
2000 136.00 0 -2000
2000 266.00 0 -2000
2000 266.00 0 -2000
2000 -433.00 0 -2000
2000 -215.00 0 -2000
2000 -220.00 0 -2000
2000 -435.00 0 -2000
2000 -436.00 0 -2000
2000 -577.00 0 -2000
2000 -485.00 -577.00 -2000
2000 -485.00 0 -2000
2000 -263.00 0 -2000
2000 -271.00 0 -2000
2000 -239.00 0 -2000
2000 -185.00 0 -2000
2000 -369.00 0 -2000
2000 -294.00 0 -2000
2000 117.00 0 -2000
2000 86.00 0 -2000
2000 3643.00 0 -2000
2000 -295.00 0 -2000
2000 310.00 0 -2000
2000 281.00 0 -2000
2000 29.00 0 -2000
2000 53.00 0 -2000
2000 53.00 0 -2000
2000 86.00 0 -2000
2000 550.00 0 -2000
2000 469.00 0 -2000
2000 -506.00 0 -2000
2000 -297.00 0 -2000
2000 -458.00 0 -2000
2000 -778.00 0 -2000
2000 -663.00 -778.00 -2000
2000 -663.00 0 -2000
2000 -553.00 0 -2000
2000 -407.00 0 -2000
2000 -426.00 0 -2000
2000 -387.00 0 -2000
2000 -186.00 0 -2000
2000 -359.00 0 -2000
2000 -243.00 0 -2000
2000 77.00 0 -2000
2000 98.00 0 -2000
2000 1979.00 0 -2000
2000 21.00 0 -2000
2000 260.00 0 -2000
2000 322.00 0 -2000
2000 262.00 0 -2000
2000 205.00 0 -2000
2000 136.00 0 -2000
2000 121.00 0 -2000
2000 187.00 0 -2000
2000 495.00 0 -2000
2000 -51.00 0 -2000
2000 -319.00 0 -2000
2000 -65.00 0 -2000
2000 -401.00 0 -2000
2000 -687.00 0 -2000
2000 -494.00 -687.00 -2000
2000 -494.00 0 -2000
2000 -491.00 0 -2000
2000 -328.00 0 -2000
2000 -389.00 0 -2000
2000 -401.00 0 -2000
2000 -256.00 0 -2000
2000 -58.00 0 -2000
2000 355.00 0 -2000
2000 174.00 0 -2000
2000 1850.00 0 -2000
2000 -291.00 0 -2000
2000 279.00 0 -2000
2000 352.00 0 -2000
2000 238.00 0 -2000
2000 160.00 0 -2000
2000 168.00 0 -2000
2000 198.00 0 -2000
2000 439.00 0 -2000
2000 -5.00 0 -2000
2000 -314.00 0 -2000
2000 -166.00 0 -2000
2000 -711.00 0 -2000
2000 -916.00 0 -2000
2000 -675.00 -916.00 -2000
2000 -675.00 0 -2000
2000 -396.00 0 -2000
2000 -335.00 0 -2000
2000 -319.00 0 -2000
2000 -187.00 0 -2000
2000 -190.00 0 -2000
2000 -16.00 0 -2000
2000 301.00 0 -2000
2000 190.00 0 -2000
2000 387.00 0 -2000
2000 -315.00 0 -2000
2000 462.00 0 -2000
2000 643.00 0 -2000
2000 361.00 0 -2000
2000 275.00 0 -2000
2000 299.00 0 -2000
2000 316.00 0 -2000
2000 899.00 0 -2000
2000 203.00 0 -2000
2000 -396.00 0 -2000
2000 33.00 0 -2000
2000 -617.00 0 -2000
2000 -737.00 0 -2000
2000 -626.00 -737.00 -2000
2000 -626.00 0 -2000
2000 -338.00 0 -2000
2000 -253.00 0 -2000
2000 -308.00 0 -2000
2000 -233.00 0 -2000
2000 -323.00 0 -2000
2000 -323.00 0 -2000
2000 9.00 0 -2000
2000 378.00 0 -2000
2000 190.00 0 -2000
2000 141.00 0 -2000
2000 760.00 0 -2000
2000 610.00 0 -2000
2000 288.00 0 -2000
2000 242.00 0 -2000
2000 192.00 0 -2000
2000 278.00 0 -2000
2000 272.00 0 -2000
2000 675.00 0 -2000
2000 -306.00 0 -2000
2000 -273.00 0 -2000
2000 -126.00 0 -2000
2000 -558.00 0 -2000
2000 -830.00 0 -2000
2000 -452.00 -830.00 -2000
2000 -452.00 0 -2000
2000 -249.00 0 -2000
2000 -238.00 0 -2000
2000 -327.00 0 -2000
2000 -203.00 0 -2000
2000 -67.00 0 -2000
2000 230.00 0 -2000
2000 150.00 0 -2000
2000 1747.00 0 -2000
2000 -487.00 0 -2000
2000 448.00 0 -2000
2000 556.00 0 -2000
2000 285.00 0 -2000
2000 192.00 0 -2000
2000 197.00 0 -2000
2000 254.00 0 -2000
2000 231.00 0 -2000
2000 504.00 0 -2000
2000 -60.00 0 -2000
2000 -368.00 0 -2000
2000 -189.00 0 -2000
2000 -779.00 0 -2000
2000 -645.00 -779.00 -2000
2000 -645.00 0 -2000
2000 -360.00 0 -2000
2000 -417.00 0 -2000
2000 -331.00 0 -2000
2000 -330.00 0 -2000
2000 -231.00 0 -2000
2000 -341.00 0 -2000
2000 -248.00 0 -2000
2000 19.00 0 -2000
2000 197.00 0 -2000
2000 2281.00 0 -2000
2000 -304.00 0 -2000
2000 279.00 0 -2000
2000 409.00 0 -2000
2000 207.00 0 -2000
2000 158.00 0 -2000
2000 126.00 0 -2000
2000 184.00 0 -2000
2000 721.00 0 -2000
2000 -149.00 0 -2000
2000 -154.00 0 -2000
2000 -183.00 0 -2000
2000 -788.00 0 -2000
2000 -843.00 0 -2000
2000 -482.00 -843.00 -2000
2000 -482.00 0 -2000
2000 -422.00 0 -2000
2000 -458.00 0 -2000
2000 -345.00 0 -2000
2000 -211.00 0 -2000
2000 -158.00 0 -2000
2000 -99.00 0 -2000
2000 11.00 0 -2000
2000 405.00 0 -2000
2000 285.00 0 -2000
2000 2601.00 0 -2000
2000 -286.00 0 -2000
2000 113.00 0 -2000
2000 327.00 0 -2000
2000 130.00 0 -2000
2000 173.00 0 -2000
2000 58.00 0 -2000
2000 208.00 0 -2000
2000 555.00 0 -2000
2000 -420.00 0 -2000
2000 -90.00 0 -2000
2000 -257.00 0 -2000
2000 -766.00 0 -2000
2000 -842.00 0 -2000
2000 -432.00 -842.00 -2000
2000 -432.00 0 -2000
2000 -393.00 0 -2000
2000 -359.00 0 -2000
2000 -291.00 0 -2000
2000 -209.00 0 -2000
2000 -297.00 0 -2000
2000 -175.00 0 -2000
2000 -135.00 0 -2000
2000 178.00 0 -2000
2000 418.00 0 -2000
2000 3948.00 0 -2000
2000 -563.00 0 -2000
2000 350.00 0 -2000
2000 321.00 0 -2000
2000 65.00 0 -2000
2000 70.00 0 -2000
2000 -11.00 0 -2000
2000 60.00 0 -2000
2000 662.00 0 -2000
2000 135.00 0 -2000
2000 -563.00 0 -2000
2000 -356.00 -563.00 -2000
2000 -356.00 0 -2000
2000 -690.00 0 -2000
2000 -1269.00 0 -2000
2000 -647.00 0 -2000
2000 -491.00 0 -2000
2000 -229.00 0 -2000
2000 -453.00 0 -2000
2000 -343.00 0 -2000
2000 -391.00 0 -2000
2000 -185.00 0 -2000
2000 309.00 0 -2000
2000 203.00 0 -2000
2000 2617.00 0 -2000
2000 -586.00 0 -2000
2000 396.00 0 -2000
2000 425.00 0 -2000
2000 207.00 0 -2000
2000 216.00 0 -2000
2000 203.00 0 -2000
2000 193.00 0 -2000
2000 206.00 0 -2000
2000 193.00 0 -2000
2000 421.00 0 -2000
2000 -47.00 0 -2000
2000 -117.00 0 -2000
2000 -544.00 0 -2000
2000 -987.00 0 -2000
2000 -933.00 -987.00 -2000
2000 -933.00 0 -2000
2000 -424.00 0 -2000
2000 -424.00 0 -2000
2000 -369.00 0 -2000
2000 -272.00 0 -2000
2000 -292.00 0 -2000
2000 -265.00 0 -2000
2000 -86.00 0 -2000
2000 171.00 0 -2000
2000 316.00 0 -2000
2000 1169.00 0 -2000
2000 62.00 0 -2000
2000 145.00 0 -2000
2000 375.00 0 -2000
2000 258.00 0 -2000
2000 297.00 0 -2000
2000 257.00 0 -2000
2000 279.00 0 -2000
2000 986.00 0 -2000
2000 106.00 0 -2000
2000 -410.00 0 -2000
2000 -38.00 0 -2000
2000 -644.00 0 -2000
2000 -918.00 0 -2000
2000 -784.00 -918.00 -2000
2000 -784.00 0 -2000
2000 -268.00 0 -2000
2000 -387.00 0 -2000
2000 -311.00 0 -2000
2000 -264.00 0 -2000
2000 -108.00 0 -2000
2000 -128.00 0 -2000
2000 13.00 0 -2000
2000 352.00 0 -2000
2000 433.00 0 -2000
2000 322.00 0 -2000
2000 3095.00 0 -2000
2000 -146.00 0 -2000
2000 273.00 0 -2000
2000 174.00 0 -2000
2000 30.00 0 -2000
2000 75.00 0 -2000
2000 86.00 0 -2000
2000 65.00 0 -2000
2000 96.00 0 -2000
2000 91.00 0 -2000
2000 311.00 0 -2000
2000 -397.00 0 -2000
2000 -144.00 0 -2000
2000 -294.00 0 -2000
2000 -855.00 0 -2000
2000 -783.00 -855.00 -2000
2000 -783.00 0 -2000
2000 -466.00 0 -2000
2000 -447.00 0 -2000
2000 -451.00 0 -2000
2000 -258.00 0 -2000
2000 -282.00 0 -2000
2000 -18.00 0 -2000
2000 454.00 0 -2000
2000 -273.00 0 -2000
2000 -133.00 0 -2000
2000 374.00 0 -2000
2000 342.00 0 -2000
2000 503.00 0 -2000
2000 389.00 0 -2000
2000 323.00 0 -2000
2000 305.00 0 -2000
2000 282.00 0 -2000
2000 245.00 0 -2000
2000 249.00 0 -2000
2000 190.00 0 -2000
2000 144.00 0 -2000
2000 144.00 0 -2000
2000 128.00 0 -2000